0.01120947117487818
0.046509888434850315
0.06424456005344303
0.10284875087017617
0.04574357310214441
0.047835628192943756
0.022561910430840788
0.1700631625983687
0.06370851349198178
0.11788141906033883
0.06497901052646984
0.07968134055761017
0.02499115760579146
0.07136737676119424
0.014252306255703609
0.010974711213642671
0.06578631401695198
0.018532413125169154
0.018805862605037773
0.024213134081918528
0.08705513612053846
0.01212633225193413
0.032125759134999425
0.041293062711080505
0.056941946363362354
0.12335437635958853
0.028916181557837994
0.23047366078254267
0.11335872818288151
0.021074438851716618
0.022287724150036867
0.04715648461498651
0.08327806807958367
0.09767912476991356
0.014687821443816381
0.19506277639440564
0.0857643608063413
0.05567414955727316
0.022357403010809525
0.10147922524120656
0.05181472964800736
0.06255746162562033
0.08925203929242818
0.13390055770734804
0.04396002501643631
