0.006722247066208353
0.05435747554779376
0.07047069809460405
0.07791333981232006
0.11677269276311103
0.045205079046470364
0.19893660609005667
0.029892545157335672
0.04620615903915559
0.18783252617416948
0.058725581624879855
0.08212245889694289
0.15677056607607065
0.11654039164948556
0.06402711163459943
0.028009529737402755
0.04792912920773545
0.05064683737368177
0.08205804342871868
0.033711585633386644
0.013884011668400283
0.03980860552575112
0.030065185379452228
0.016629086799879834
0.1047527485176187
0.07980265175433282
0.09989976921738541
0.09081496234546749
0.04788430582235533
0.056663939651953314
0.09309618805360276
0.07285575727830329
0.14572871893736505
0.0738567528182513
0.04246708529359335
0.45468215024905256
0.08182856825104948
0.04557822075781859
0.0006482708554615265
0.1549895835867951
0.12467509514703748
0.13977836768646956
0.11484155382616124
0.1312578179375874
0.033291873107712144
