-0.533923742515321
-0.021560297292795787
-0.07050225672271734
0.12354551142456996
0.24103015182277399
0.6282078552314432
0.4559992457027968
2.2040227228897384
-0.044793012171064676
2.7466489539289047
0.1789025345010918
0.5449811290860427
1.2332687976173358
0.3392891775102791
1.4379949646050667
-1.0917086179369515
-0.22337684604217356
-0.18042492521333897
2.094284488799685
4.9029226078880574
0.339163793117867
1.8357953557833357
3.023894881829449
0.4896702918455152
1.9945027595292038
0.3459279302025661
0.6112836369932455
1.1198281874834435
-0.02872292854768823
1.4500823269427883
0.715979725831798
1.7030394232176749
3.334024118227194
-0.17906014139432483
0.5564136582963581
2.636579898325745
1.7038965661937422
1.5821563104731835
-1.2996884095113062
1.8472913813101948
0.7950693414417371
0.8267959746917777
0.9332997533402823
1.2308981745263796
0.5758425320322105
