-0.21400000000000008
-0.374
-0.27500000000000013
-0.44000000000000006
-0.30500000000000005
-0.17599999999999993
-0.5650000000000001
-0.271
-0.365
-0.20700000000000007
-0.30500000000000005
-0.33799999999999997
-0.266
-0.3749999999999999
-0.04600000000000004
-0.1389999999999999
-0.22899999999999987
-0.18100000000000005
-0.08699999999999997
-0.018999999999999906
-0.764
-0.05500000000000016
-0.06699999999999995
-0.09299999999999997
-0.1479999999999999
-0.3264999999999999
-0.34309999999999996
-0.34450000000000003
-0.5236999999999999
-0.5707
-0.2410000000000001
-0.26170000000000004
-0.15599999999999992
-0.516
-0.6293
-0.5864999999999998
-0.2987000000000001
-0.3820000000000001
-0.635
-1.3123999999999998
-1.0349000000000002
-0.9721999999999997
-1.1357
-0.5084
-0.8476000000000001
